[[191, 103, 144, 164, 186],
[149, 127, 194, 182, 152],
[314, 296, 295, 294, 293],
[221, 170, 178, 221, 190],
[119, 168, 177, 210, 202]]


# T[wiersz](-)[kolumna](|)
# sumy[0][0] = 197 + 241 - 6 = 432
T = [[6, 94, 53, 33, 11],
     [52, 74, 7, 19, 49],
     [59, 77, 78, 79, 80],
     [24, 75, 67, 24, 55],
     [100, 51, 42, 9, 17]]
print(tab[1][0])
52
print(tab[0][1])
94

[[432, 474, 391, 328, 398],
[149, 498, 441, 346, 364],
[314, 296, 542, 458, 505],
[221, 170, 178, 385, 402],
[119, 168, 177, 210, 414]]






